627 144
627.938 144.292
628.868 144.586
629.792 144.881
630.708 145.176
631.617 145.473
632.519 145.771
633.414 146.071
634.301 146.371
635.182 146.672
636.055 146.975
636.922 147.279
637.782 147.583
638.635 147.889
639.481 148.197
640.321 148.505
641.154 148.815
641.98 149.126
642.799 149.437
643.612 149.751
644.419 150.065
645.219 150.381
646.012 150.698
646.8 151.016
647.58 151.335
648.355 151.655
649.123 151.977
649.885 152.3
650.641 152.624
651.39 152.95
652.133 153.276
652.871 153.604
653.603 153.934
654.328 154.264
655.047 154.596
655.76 154.928
656.469 155.263
657.17 155.598
657.866 155.935
658.556 156.273
659.241 156.612
659.92 156.952
660.593 157.294
661.26 157.637
661.922 157.981
662.578 158.327
663.229 158.674
663.874 159.022
664.514 159.371
665.149 159.722
665.778 160.074
666.401 160.427
667.02 160.781
667.633 161.137
668.24 161.494
668.843 161.852
669.44 162.211
670.032 162.572
670.619 162.934
671.201 163.297
671.778 163.661
672.35 164.027
672.917 164.394
673.478 164.762
674.035 165.131
674.587 165.502
675.134 165.874
675.676 166.247
676.213 166.622
676.746 166.997
677.274 167.374
677.796 167.752
678.314 168.131
678.828 168.512
679.337 168.894
679.841 169.277
680.34 169.661
680.836 170.046
681.326 170.433
681.811 170.821
682.293 171.21
682.77 171.6
683.242 171.991
683.71 172.384
684.173 172.778
684.633 173.173
685.087 173.569
685.537 173.966
685.983 174.365
686.425 174.765
686.863 175.165
687.296 175.567
687.725 175.971
688.149 176.375
688.57 176.78
688.986 177.187
689.399 177.595
689.807 178.004
690.211 178.414
690.611 178.825
691.007 179.237
691.399 179.65
691.787 180.065
692.171 180.481
692.551 180.897
692.927 181.315
693.299 181.734
693.667 182.154
694.031 182.575
694.392 182.997
694.748 183.421
695.102 183.845
695.45 184.27
695.796 184.697
696.138 185.124
696.475 185.553
696.809 185.982
697.139 186.413
697.466 186.845
697.789 187.277
698.108 187.711
698.424 188.146
698.736 188.581
699.045 189.018
699.35 189.456
699.651 189.895
699.949 190.334
700.243 190.775
700.534 191.217
700.821 191.66
701.105 192.103
701.386 192.548
701.663 192.993
701.936 193.44
702.206 193.887
702.473 194.336
702.737 194.785
702.997 195.235
703.253 195.686
703.507 196.139
703.757 196.592
704.004 197.046
704.247 197.5
704.488 197.956
704.725 198.413
704.959 198.87
705.189 199.329
705.417 199.788
705.642 200.248
705.863 200.709
706.081 201.171
706.295 201.633
706.508 202.097
706.716 202.561
706.922 203.026
707.124 203.492
707.324 203.959
707.52 204.427
707.713 204.895
707.904 205.365
708.092 205.835
708.276 206.306
708.457 206.777
708.636 207.25
708.812 207.723
708.984 208.197
709.154 208.672
709.32 209.147
709.484 209.623
709.646 210.1
709.804 210.578
709.959 211.056
710.112 211.536
710.262 212.016
710.409 212.496
710.553 212.978
710.694 213.46
710.833 213.942
710.969 214.426
711.102 214.91
711.232 215.395
711.36 215.88
711.485 216.367
711.607 216.853
711.726 217.341
711.844 217.829
711.958 218.318
712.07 218.807
712.178 219.297
712.285 219.788
712.389 220.279
712.49 220.771
712.589 221.264
712.685 221.757
712.779 222.251
712.87 222.745
712.958 223.24
713.044 223.736
713.128 224.232
713.209 224.729
713.287 225.226
713.363 225.724
713.437 226.223
713.508 226.722
713.576 227.221
713.643 227.721
713.707 228.222
713.768 228.723
713.827 229.225
713.884 229.727
713.939 230.23
713.991 230.733
714.04 231.237
714.087 231.741
714.133 232.246
714.175 232.752
714.216 233.257
714.254 233.764
714.289 234.27
714.323 234.778
714.354 235.286
714.383 235.794
714.411 236.303
714.435 236.812
714.458 237.321
714.478 237.831
714.496 238.341
714.512 238.852
714.526 239.364
714.537 239.875
714.547 240.388
714.554 240.9
714.559 241.413
714.562 241.927
714.563 242.44
714.562 242.955
714.559 243.469
714.553 243.984
714.547 244.5
714.537 245.015
714.526 245.532
714.512 246.048
714.497 246.565
714.48 247.082
714.46 247.6
714.439 248.118
714.415 248.636
714.39 249.155
714.363 249.674
714.334 250.193
714.302 250.713
714.27 251.233
714.235 251.753
714.198 252.273
714.159 252.794
714.118 253.316
714.076 253.837
714.032 254.359
713.985 254.881
713.938 255.404
713.888 255.926
713.836 256.449
713.782 256.973
713.727 257.496
713.671 258.02
713.612 258.544
713.551 259.069
713.489 259.594
713.425 260.118
713.359 260.643
713.291 261.169
713.222 261.695
713.152 262.221
713.079 262.747
713.005 263.273
712.929 263.8
712.851 264.326
712.772 264.854
712.691 265.381
712.609 265.908
712.525 266.436
712.439 266.964
712.352 267.492
712.263 268.02
712.172 268.549
712.081 269.078
711.987 269.607
711.892 270.136
711.796 270.665
711.698 271.195
711.598 271.724
711.496 272.254
711.394 272.784
711.29 273.314
711.184 273.845
711.077 274.375
710.969 274.906
710.859 275.437
710.748 275.968
710.635 276.499
710.52 277.03
710.405 277.562
710.288 278.093
710.17 278.625
710.05 279.156
709.929 279.688
709.807 280.221
709.683 280.753
709.558 281.285
709.432 281.818
709.304 282.35
709.175 282.883
709.044 283.415
708.912 283.948
708.78 284.481
708.646 285.014
708.511 285.548
708.375 286.081
708.237 286.614
708.097 287.148
707.957 287.681
707.816 288.215
707.674 288.749
707.53 289.282
707.385 289.816
707.239 290.35
707.092 290.884
706.943 291.418
706.794 291.952
706.643 292.486
706.492 293.021
706.339 293.555
706.185 294.09
706.03 294.624
705.874 295.158
705.718 295.693
705.56 296.227
705.401 296.762
705.241 297.297
705.08 297.831
704.918 298.366
704.755 298.901
704.591 299.436
704.426 299.971
704.26 300.505
704.093 301.04
703.926 301.575
703.757 302.11
703.587 302.645
703.417 303.18
703.245 303.715
703.073 304.25
702.9 304.785
702.726 305.319
702.552 305.855
702.376 306.39
702.199 306.925
702.022 307.459
701.844 307.994
701.665 308.529
701.485 309.064
701.305 309.599
701.123 310.134
700.941 310.669
700.759 311.204
700.575 311.739
700.391 312.273
700.207 312.808
700.021 313.343
699.834 313.878
699.647 314.412
699.459 314.947
699.272 315.482
699.082 316.017
698.893 316.551
698.703 317.086
698.512 317.62
698.32 318.155
698.128 318.689
697.935 319.223
697.743 319.758
697.549 320.292
697.354 320.826
697.16 321.36
696.963 321.894
696.768 322.429
696.571 322.962
696.374 323.496
696.177 324.03
695.979 324.564
695.78 325.098
695.581 325.631
695.382 326.165
695.182 326.699
694.982 327.232
694.781 327.765
694.58 328.299
694.379 328.832
694.177 329.365
693.974 329.898
693.771 330.431
693.569 330.964
693.365 331.497
693.161 332.029
692.958 332.562
692.753 333.095
692.548 333.627
692.343 334.159
692.137 334.692
691.932 335.224
691.726 335.756
691.52 336.288
691.314 336.82
691.107 337.351
690.9 337.883
690.693 338.415
690.486 338.946
690.278 339.478
690.071 340.009
689.863 340.54
689.654 341.071
689.446 341.602
689.238 342.133
689.029 342.663
688.82 343.194
688.612 343.724
688.403 344.254
688.194 344.785
687.984 345.315
687.775 345.844
687.566 346.375
687.356 346.904
687.147 347.434
686.938 347.963
686.728 348.492
686.518 349.021
686.309 349.55
686.099 350.079
685.89 350.608
685.68 351.137
685.47 351.665
685.261 352.194
685.051 352.721
684.842 353.25
684.632 353.778
684.423 354.305
684.214 354.833
684.004 355.36
683.795 355.888
683.587 356.415
683.377 356.942
683.169 357.469
682.96 357.995
682.751 358.522
682.543 359.049
682.335 359.575
682.127 360.101
681.919 360.627
681.711 361.152
681.504 361.678
681.296 362.203
681.089 362.729
680.882 363.254
680.675 363.779
680.469 364.303
680.263 364.828
680.056 365.352
679.851 365.877
679.646 366.401
679.44 366.925
679.236 367.449
679.031 367.972
678.827 368.495
678.623 369.019
678.419 369.541
678.216 370.065
678.013 370.587
677.81 371.11
677.608 371.632
677.406 372.154
677.205 372.676
677.004 373.198
676.802 373.719
676.603 374.241
676.402 374.762
676.203 375.283
676.004 375.804
675.805 376.324
675.607 376.845
675.409 377.365
675.212 377.885
675.015 378.405
674.818 378.924
674.622 379.444
674.427 379.963
674.231 380.482
674.038 381.001
673.843 381.519
673.65 382.038
673.457 382.556
673.264 383.074
673.073 383.592
672.881 384.109
672.69 384.627
672.5 385.144
672.31 385.661
672.121 386.178
671.933 386.694
671.744 387.21
671.557 387.727
671.371 388.243
671.184 388.758
670.999 389.274
670.814 389.789
670.63 390.304
670.446 390.819
670.263 391.333
670.081 391.848
669.899 392.362
669.718 392.876
669.538 393.39
669.358 393.903
669.179 394.416
669.001 394.929
668.823 395.442
668.646 395.954
668.47 396.467
668.294 396.979
668.12 397.491
667.945 398.002
667.772 398.513
667.6 399.025
667.427 399.535
667.257 400.046
667.086 400.556
666.917 401.067
666.748 401.577
666.58 402.086
666.413 402.596
666.246 403.105
666.08 403.614
665.916 404.123
665.751 404.631
665.588 405.139
665.426 405.647
665.264 406.155
665.103 406.662
664.943 407.169
664.784 407.676
664.626 408.183
664.468 408.689
664.311 409.196
664.156 409.702
664 410.207
663.847 410.713
663.693 411.218
663.541 411.723
663.39 412.228
663.239 412.732
663.089 413.236
662.941 413.74
662.792 414.243
662.646 414.747
662.5 415.25
662.354 415.752
662.211 416.255
662.067 416.757
661.924 417.259
661.783 417.761
661.642 418.262
661.503 418.763
661.364 419.264
661.226 419.765
661.089 420.265
660.953 420.765
660.819 421.265
660.685 421.764
660.552 422.264
660.42 422.763
660.288 423.261
660.158 423.759
660.029 424.257
659.901 424.755
659.774 425.253
659.648 425.75
659.522 426.247
659.399 426.744
659.275 427.24
659.153 427.736
659.031 428.232
658.911 428.727
658.792 429.222
658.674 429.717
658.557 430.212
658.441 430.706
658.325 431.2
658.211 431.694
658.098 432.187
657.986 432.68
657.875 433.173
657.764 433.665
657.655 434.157
657.547 434.649
657.44 435.141
657.334 435.632
657.229 436.123
657.125 436.614
657.023 437.104
656.92 437.594
656.82 438.084
656.72 438.573
656.621 439.062
656.524 439.551
656.427 440.039
656.331 440.528
656.237 441.016
656.143 441.503
656.051 441.99
655.959 442.477
655.869 442.963
655.78 443.45
655.691 443.936
655.604 444.421
655.518 444.907
655.433 445.391
655.349 445.876
655.266 446.36
655.184 446.844
655.104 447.328
655.023 447.811
654.945 448.294
654.867 448.776
654.79 449.259
654.715 449.741
654.641 450.222
654.567 450.704
654.495 451.185
654.423 451.665
654.353 452.145
654.284 452.625
654.216 453.105
654.149 453.584
654.083 454.063
654.018 454.541
653.954 455.02
653.891 455.497
653.829 455.975
653.769 456.452
653.709 456.929
653.651 457.406
653.593 457.881
653.536 458.357
653.481 458.833
653.426 459.307
653.373 459.782
653.32 460.257
653.269 460.731
653.219 461.204
653.169 461.677
653.121 462.15
653.074 462.623
653.028 463.095
652.983 463.567
652.939 464.038
652.896 464.509
652.854 464.98
652.812 465.45
652.773 465.92
652.734 466.39
652.696 466.859
652.659 467.328
652.623 467.796
652.588 468.265
652.555 468.732
652.521 469.199
652.49 469.667
652.459 470.133
652.429 470.599
652.4 471.065
652.372 471.531
652.345 471.996
652.32 472.461
652.294 472.925
652.271 473.389
652.248 473.852
652.226 474.315
652.205 474.778
652.184 475.24
652.165 475.702
652.147 476.164
652.13 476.625
652.114 477.086
652.099 477.546
652.084 478.006
652.071 478.466
652.058 478.925
652.047 479.384
652.037 479.842
652.027 480.3
652.019 480.758
652.01 481.215
652.004 481.672
651.998 482.128
651.992 482.584
651.988 483.04
651.985 483.495
651.982 483.949
651.982 484.404
651.981 484.858
651.981 485.311
651.982 485.765
651.984 486.217
651.987 486.67
651.991 487.121
651.995 487.573
652.001 488.024
652.007 488.474
652.014 488.924
652.022 489.374
652.031 489.823
652.041 490.272
652.051 490.721
652.062 491.169
652.075 491.616
652.087 492.063
652.101 492.51
652.115 492.956
652.13 493.402
652.147 493.848
652.163 494.292
652.181 494.737
652.2 495.181
652.218 495.624
652.238 496.068
652.259 496.511
652.28 496.953
652.302 497.395
652.325 497.836
652.348 498.277
652.373 498.718
652.397 499.157
652.423 499.598
652.449 500.036
652.476 500.475
652.504 500.914
652.532 501.351
652.562 501.789
652.591 502.225
652.621 502.662
652.653 503.098
652.684 503.533
652.717 503.968
652.75 504.403
652.783 504.837
652.817 505.27
652.852 505.704
652.887 506.136
652.923 506.569
652.96 507
652.997 507.431
653.035 507.862
653.072 508.292
653.111 508.722
653.151 509.152
653.19 509.58
653.231 510.009
653.272 510.437
653.314 510.864
653.356 511.291
653.398 511.717
653.441 512.143
653.484 512.569
653.528 512.994
653.573 513.418
653.617 513.842
653.663 514.265
653.709 514.688
653.755 515.11
653.802 515.533
653.849 515.954
653.896 516.375
653.944 516.796
653.992 517.215
654.041 517.635
654.09 518.054
654.139 518.472
654.19 518.89
654.24 519.307
654.29 519.724
654.341 520.141
654.392 520.556
654.444 520.971
654.496 521.386
654.548 521.8
654.601 522.214
654.653 522.627
654.706 523.04
654.759 523.452
654.813 523.863
654.867 524.275
654.921 524.685
654.975 525.095
655.03 525.505
655.084 525.913
655.139 526.322
655.195 526.729
655.25 527.136
655.306 527.544
655.361 527.949
655.417 528.355
655.473 528.76
655.529 529.164
655.586 529.568
655.642 529.972
655.698 530.374
655.756 530.777
655.812 531.179
655.869 531.58
655.926 531.981
655.983 532.38
656.04 532.78
656.097 533.179
656.154 533.577
656.212 533.975
656.269 534.372
656.326 534.768
656.383 535.164
656.44 535.559
656.498 535.955
656.555 536.349
656.612 536.742
656.67 537.136
656.726 537.528
656.783 537.92
656.84 538.311
656.897 538.701
656.954 539.092
657.011 539.481
657.067 539.87
657.124 540.259
657.18 540.646
657.236 541.033
657.292 541.419
657.348 541.805
657.404 542.191
657.459 542.575
657.515 542.959
657.57 543.343
657.624 543.725
657.679 544.107
657.734 544.489
657.788 544.87
657.842 545.25
657.896 545.629
657.949 546.008
658.002 546.387
658.055 546.764
658.108 547.141
658.16 547.518
658.212 547.893
658.264 548.269
658.315 548.643
658.366 549.017
658.416 549.39
658.466 549.762
658.516 550.134
658.566 550.505
658.615 550.876
658.663 551.246
658.711 551.615
658.759 551.983
658.806 552.351
658.853 552.718
658.899 553.085
658.945 553.451
658.991 553.816
659.035 554.18
659.08 554.544
659.124 554.907
659.167 555.269
659.21 555.631
659.252 555.992
659.294 556.352
659.335 556.712
659.375 557.071
659.415 557.429
659.455 557.786
659.493 558.143
659.532 558.499
659.569 558.855
659.606 559.209
659.642 559.563
659.678 559.916
659.713 560.269
659.747 560.62
659.78 560.971
659.813 561.322
659.845 561.671
659.876 562.02
659.907 562.368
659.937 562.715
659.966 563.062
659.994 563.408
660.022 563.753
660.049 564.097
660.075 564.441
660.1 564.783
660.124 565.125
660.148 565.467
660.171 565.807
660.192 566.147
660.213 566.486
660.233 566.824
660.253 567.161
660.271 567.498
660.289 567.834
660.305 568.169
660.321 568.503
660.335 568.837
660.349 569.169
660.362 569.501
660.374 569.832
660.385 570.163
660.395 570.492
660.404 570.821
660.412 571.148
660.418 571.475
660.424 571.802
660.429 572.127
660.433 572.452
660.436 572.775
660.437 573.098
660.438 573.42
660.438 573.741
660.436 574.062
660.433 574.381
660.43 574.7
660.425 575.018
660.419 575.335
660.412 575.651
660.403 575.966
660.394 576.281
660.383 576.594
660.371 576.907
660.358 577.218
660.344 577.529
660.329 577.839
660.312 578.149
660.294 578.457
660.275 578.764
660.255 579.071
660.233 579.376
660.21 579.681
660.186 579.985
660.161 580.288
660.134 580.59
660.106 580.891
660.076 581.191
660.046 581.49
660.014 581.788
659.98 582.086
659.946 582.382
659.909 582.677
659.872 582.972
659.833 583.266
659.793 583.558
659.751 583.85
659.708 584.141
659.664 584.431
659.618 584.719
659.571 585.007
659.522 585.294
659.472 585.58
659.42 585.865
659.367 586.149
659.312 586.432
659.256 586.714
659.198 586.995
659.139 587.275
659.078 587.554
659.016 587.832
658.952 588.109
658.887 588.385
658.82 588.66
658.752 588.934
658.682 589.207
658.61 589.479
658.537 589.75
658.462 590.02
658.386 590.289
658.308 590.557
658.228 590.824
658.147 591.089
658.064 591.354
657.98 591.618
657.893 591.88
657.806 592.142
657.716 592.402
657.625 592.662
657.532 592.92
657.437 593.177
657.341 593.433
657.243 593.688
657.143 593.942
657.042 594.195
656.939 594.447
656.834 594.697
656.727 594.947
656.618 595.195
656.508 595.442
656.396 595.689
656.282 595.934
656.166 596.178
656.049 596.42
655.93 596.662
655.809 596.902
655.686 597.142
655.561 597.38
655.435 597.617
655.306 597.853
655.176 598.087
655.044 598.321
654.91 598.553
654.774 598.784
654.636 599.014
654.496 599.243
654.355 599.471
654.211 599.697
654.066 599.922
653.919 600.146
653.769 600.369
653.618 600.591
653.465 600.811
653.31 601.03
653.153 601.248
652.994 601.464
652.833 601.68
652.67 601.894
652.505 602.107
652.338 602.318
652.169 602.529
651.998 602.738
651.825 602.946
651.65 603.152
651.473 603.358
651.294 603.562
651.113 603.764
650.93 603.966
650.745 604.166
650.558 604.365
650.369 604.562
650.177 604.758
649.984 604.953
649.789 605.147
649.591 605.339
649.391 605.53
649.19 605.719
648.986 605.907
648.78 606.094
648.572 606.28
648.362 606.464
648.149 606.647
647.935 606.828
647.718 607.008
647.5 607.187
647.279 607.364
647.056 607.54
646.831 607.714
646.603 607.888
646.374 608.059
646.142 608.229
645.908 608.398
645.672 608.566
645.434 608.732
645.194 608.896
644.951 609.059
644.706 609.221
644.459 609.381
644.21 609.54
643.959 609.697
643.705 609.853
643.449 610.008
643.191 610.161
642.931 610.312
642.668 610.462
642.403 610.611
642.136 610.758
641.867 610.903
641.595 611.047
641.322 611.189
641.045 611.33
640.767 611.47
640.486 611.608
640.204 611.744
639.918 611.879
639.631 612.012
639.341 612.144
639.049 612.274
638.755 612.403
638.458 612.53
638.159 612.655
637.858 612.779
637.554 612.901
637.248 613.022
636.94 613.141
636.63 613.259
636.317 613.375
636.002 613.489
635.684 613.602
635.364 613.713
635.042 613.822
634.718 613.93
634.391 614.036
634.062 614.141
633.73 614.243
633.396 614.345
633.06 614.444
632.722 614.542
632.381 614.638
632.037 614.733
631.692 614.826
631.344 614.917
630.993 615.006
630.641 615.094
630.285 615.18
629.928 615.264
629.568 615.347
629.206 615.428
628.841 615.507
628.474 615.584
628.105 615.66
627.733 615.734
627.359 615.806
626.983 615.876
626.604 615.945
626.223 616.012
625.839 616.077
625.453 616.14
625.064 616.201
624.674 616.261
624.28 616.319
623.885 616.375
623.487 616.429
623.086 616.482
622.683 616.532
622.278 616.581
621.87 616.628
621.46 616.673
621.048 616.717
620.633 616.758
620.216 616.798
619.796 616.835
619.374 616.871
618.95 616.905
618.523 616.937
618.094 616.967
617.662 616.995
617.228 617.022
616.791 617.046
616.353 617.069
615.911 617.089
615.468 617.108
615.021 617.125
614.573 617.139
614.122 617.152
613.669 617.163
613.213 617.172
612.755 617.179
612.294 617.184
611.831 617.187
611.366 617.188
610.898 617.187
610.428 617.184
609.956 617.18
609.481 617.173
609.003 617.164
608.524 617.153
608.041 617.14
607.557 617.125
607.07 617.108
606.581 617.089
606.089 617.068
605.595 617.044
605.098 617.019
604.6 616.992
604.098 616.963
603.595 616.931
603.089 616.898
602.58 616.862
602.069 616.824
601.556 616.785
601.041 616.743
600.523 616.699
600.003 616.653
599.48 616.605
598.955 616.554
598.427 616.502
597.898 616.447
597.366 616.39
596.831 616.331
596.294 616.27
595.755 616.207
595.214 616.142
594.67 616.074
594.124 616.004
593.575 615.933
593.024 615.858
592.471 615.782
591.916 615.704
591.358 615.623
590.798 615.54
590.235 615.455
589.67 615.367
589.103 615.278
588.534 615.186
587.962 615.092
587.388 614.996
586.811 614.897
586.233 614.796
585.652 614.693
585.069 614.588
584.483 614.48
583.895 614.37
583.305 614.258
582.713 614.144
582.118 614.027
581.521 613.908
580.922 613.786
580.321 613.663
579.717 613.537
579.111 613.408
578.503 613.278
577.892 613.145
577.28 613.009
576.665 612.872
576.048 612.732
575.428 612.589
574.807 612.445
574.183 612.298
573.557 612.148
572.929 611.996
572.299 611.842
571.666 611.685
571.031 611.527
570.395 611.365
569.755 611.201
569.114 611.035
568.471 610.867
567.825 610.696
567.178 610.522
566.528 610.346
565.876 610.168
565.222 609.988
564.565 609.804
563.907 609.619
563.246 609.431
562.584 609.24
561.919 609.048
561.252 608.852
560.583 608.654
559.912 608.454
559.239 608.251
558.564 608.046
557.887 607.838
557.208 607.628
556.527 607.416
555.843 607.2
555.158 606.983
554.47 606.762
553.781 606.54
553.09 606.315
552.396 606.087
551.701 605.857
551.003 605.624
550.304 605.389
549.602 605.151
548.899 604.911
548.194 604.668
547.486 604.422
546.777 604.174
546.066 603.924
545.353 603.671
544.638 603.415
543.921 603.157
543.202 602.896
542.481 602.633
541.758 602.367
541.034 602.099
540.307 601.828
539.579 601.554
538.849 601.278
538.117 600.999
537.383 600.718
536.647 600.434
535.91 600.147
535.17 599.858
534.429 599.566
533.686 599.272
532.942 598.975
532.195 598.676
531.447 598.374
530.697 598.069
529.945 597.761
529.191 597.451
528.436 597.139
527.679 596.824
526.92 596.506
526.16 596.185
525.398 595.862
524.634 595.536
523.868 595.208
523.101 594.877
522.332 594.543
521.562 594.207
520.79 593.868
520.016 593.527
519.241 593.182
518.464 592.835
517.685 592.486
516.905 592.134
516.124 591.779
515.34 591.422
514.555 591.061
513.769 590.699
512.981 590.333
512.192 589.965
511.401 589.595
510.608 589.221
509.815 588.845
509.019 588.467
508.222 588.085
507.424 587.701
506.624 587.315
505.823 586.925
505.021 586.533
504.217 586.139
503.411 585.741
502.604 585.341
501.796 584.939
500.987 584.534
500.176 584.126
499.364 583.715
498.55 583.302
497.735 582.886
496.919 582.467
496.102 582.046
495.283 581.622
494.463 581.196
493.642 580.767
492.819 580.335
491.995 579.901
491.171 579.463
490.344 579.024
489.517 578.581
488.689 578.136
487.859 577.689
487.028 577.238
486.196 576.785
485.363 576.33
484.529 575.872
483.694 575.411
482.857 574.947
482.02 574.481
481.182 574.013
480.342 573.541
479.501 573.067
478.66 572.591
477.817 572.112
476.974 571.63
476.129 571.145
475.284 570.658
474.437 570.169
473.59 569.677
472.742 569.182
471.892 568.685
471.042 568.185
470.191 567.682
469.34 567.177
468.487 566.67
467.633 566.159
466.779 565.647
465.924 565.131
465.068 564.613
464.211 564.093
463.354 563.57
462.496 563.045
461.637 562.517
460.777 561.986
459.917 561.453
459.056 560.918
458.194 560.38
457.332 559.839
456.469 559.296
455.605 558.751
454.741 558.203
453.876 557.652
453.011 557.099
452.145 556.544
451.279 555.986
450.412 555.426
449.544 554.863
448.676 554.298
447.808 553.73
446.939 553.16
446.069 552.588
445.2 552.013
444.329 551.436
443.459 550.857
442.588 550.275
441.716 549.691
440.845 549.104
439.973 548.515
439.1 547.924
438.228 547.33
437.355 546.734
436.482 546.136
435.608 545.536
434.734 544.933
433.861 544.328
432.986 543.721
432.112 543.111
431.238 542.5
430.363 541.886
429.489 541.269
428.614 540.651
427.739 540.031
426.864 539.408
425.989 538.783
425.114 538.156
424.239 537.527
423.364 536.895
422.489 536.262
421.613 535.626
420.739 534.989
419.864 534.349
418.989 533.707
418.114 533.064
417.239 532.418
416.365 531.77
415.491 531.12
414.616 530.468
413.743 529.815
412.869 529.159
411.995 528.501
411.122 527.842
410.249 527.18
409.376 526.517
408.504 525.851
407.632 525.184
406.76 524.515
405.889 523.845
405.018 523.172
404.147 522.498
403.277 521.822
402.407 521.144
401.538 520.464
400.669 519.783
399.801 519.1
398.933 518.415
398.066 517.729
397.199 517.041
396.333 516.351
395.467 515.66
394.602 514.967
393.738 514.273
392.874 513.577
392.011 512.88
391.149 512.181
390.287 511.48
389.426 510.779
388.566 510.075
387.706 509.371
386.848 508.665
385.99 507.958
385.133 507.249
384.277 506.539
383.421 505.828
382.567 505.115
381.713 504.401
380.86 503.686
380.009 502.97
379.158 502.253
378.308 501.534
377.459 500.815
376.611 500.094
375.764 499.372
374.919 498.65
374.074 497.926
373.23 497.201
372.388 496.475
371.546 495.749
370.706 495.021
369.867 494.293
369.029 493.564
368.192 492.834
367.357 492.103
366.523 491.372
365.69 490.639
364.858 489.906
364.028 489.173
363.199 488.439
362.371 487.704
361.544 486.968
360.719 486.233
359.896 485.496
359.073 484.759
358.253 484.022
357.433 483.284
356.615 482.546
355.799 481.808
354.984 481.069
354.171 480.33
353.359 479.591
352.549 478.852
351.74 478.113
350.933 477.373
350.127 476.633
349.324 475.894
348.521 475.154
347.721 474.414
346.922 473.675
346.125 472.935
345.329 472.196
344.536 471.457
343.744 470.718
342.954 469.979
342.165 469.241
341.379 468.503
340.594 467.765
339.811 467.028
339.03 466.291
338.251 465.555
337.474 464.82
336.699 464.084
335.925 463.35
335.154 462.616
334.384 461.883
333.617 461.151
332.852 460.42
332.088 459.69
331.327 458.96
330.567 458.231
329.81 457.504
329.055 456.777
328.301 456.052
327.55 455.328
326.801 454.605
326.054 453.883
325.31 453.162
324.567 452.443
323.827 451.726
323.089 451.009
322.353 450.294
321.619 449.581
320.888 448.87
320.158 448.16
319.431 447.451
318.707 446.745
317.984 446.04
317.264 445.338
316.546 444.637
315.831 443.938
315.117 443.241
314.407 442.546
313.698 441.854
312.992 441.164
312.288 440.476
311.587 439.79
310.888 439.107
310.191 438.426
309.497 437.747
308.805 437.071
308.116 436.398
307.429 435.728
306.745 435.06
306.063 434.395
305.383 433.733
304.706 433.074
304.032 432.418
303.36 431.765
302.69 431.115
302.023 430.468
301.359 429.825
300.697 429.185
300.037 428.548
299.38 427.915
298.726 427.285
298.074 426.659
297.424 426.037
296.777 425.418
296.133 424.803
295.491 424.192
294.852 423.585
294.215 422.982
293.581 422.383
292.95 421.789
292.321 421.198
291.694 420.612
291.07 420.03
290.449 419.453
289.83 418.88
289.214 418.312
288.6 417.749
287.989 417.19
287.38 416.636
286.774 416.088
286.17 415.544
285.569 415.005
284.971 414.472
284.375 413.943
283.781 413.42
283.19 412.903
282.601 412.391
282.015 411.884
281.431 411.383
280.85 410.889
280.271 410.399
279.695 409.916
279.121 409.439
278.55 408.968
277.981 408.503
277.414 408.044
276.85 407.592
276.288 407.146
275.728 406.707
275.171 406.274
274.616 405.848
274.063 405.429
273.513 405.017
272.964 404.612
272.418 404.214
271.875 403.823
271.333 403.439
270.794 403.063
270.256 402.694
269.721 402.333
269.188 401.98
268.657 401.634
268.128 401.296
267.601 400.967
267.076 400.645
266.553 400.331
266.032 400.026
265.513 399.729
264.996 399.441
264.48 399.161
263.967 398.89
263.455 398.628
262.945 398.375
262.436 398.13
261.929 397.895
261.424 397.669
260.92 397.453
260.418 397.246
259.918 397.048
259.418 396.86
258.92 396.682
258.424 396.514
257.929 396.356
257.435 396.208
256.942 396.07
256.451 395.943
255.96 395.826
255.471 395.719
254.982 395.624
254.495 395.539
254.009 395.465
253.523 395.403
253.038 395.351
252.554 395.311
252.07 395.282
251.587 395.265
251.105 395.259
250.623 395.265
250.141 395.284
249.66 395.314
249.179 395.356
248.698 395.411
248.217 395.478
247.736 395.558
247.256 395.651
246.775 395.756
246.294 395.874
245.812 396.006
245.33 396.15
244.848 396.308
244.366 396.48
243.882 396.665
243.398 396.864
242.913 397.076
242.428 397.303
241.941 397.544
241.453 397.8
240.964 398.069
240.474 398.354
239.982 398.653
239.489 398.967
238.995 399.296
238.498 399.64
238 400
